2018-07-13,14:50:15,5196.6,2,5196.6,5198.6,1,9996,19636
2018-07-13,14:50:17,5196.6,2,5196.6,5198.6,1,9996,19636
2018-07-13,14:50:17,5196.6,2,5196.6,5198.6,1,9996,19636
2018-07-13,14:50:18,5196.6,1,5196.6,5198.6,1,9997,19636
2018-07-13,14:50:18,5196.6,1,5196.6,5198.4,1,9997,19636
2018-07-13,14:50:19,5196.6,1,5196.6,5198.2,1,9997,19636
2018-07-13,14:50:20,5196.6,1,5196.6,5198.2,1,9997,19636
2018-07-13,14:50:20,5198.2,4,5198.2,5199.4,1,9998,19637
2018-07-13,14:50:21,5198.2,2,5198.2,5199.4,1,10000,19639
2018-07-13,14:50:22,5196.4,2,5196.6,5198.2,1,10003,19641
2018-07-13,14:50:22,5196.6,1,5196.6,5198.2,1,10003,19641
2018-07-13,14:50:23,5196.6,1,5199.4,5198,1,10005,19643
2018-07-13,14:50:23,5196.6,1,5198,5199.6,1,10006,19644
2018-07-13,14:50:24,5196.8,4,5198,5198.6,1,10006,19644
2018-07-13,14:50:25,5197,5,5198,5198,1,10006,19644
2018-07-13,14:50:25,5197,5,5198,5198.6,2,10007,19644
2018-07-13,14:50:26,5197.2,2,5198,5198.6,2,10007,19644
2018-07-13,14:50:27,5197.2,2,5198,5198.6,2,10007,19644
2018-07-13,14:50:29,5197.2,3,5198.6,5198.6,1,10008,19645
2018-07-13,14:50:29,5198.6,3,5198.6,5198.8,1,10010,19646
2018-07-13,14:50:30,5197.2,3,5198.6,5199.4,1,10013,19646
2018-07-13,14:50:30,5197.2,3,5198.6,5200,5,10013,19646
2018-07-13,14:50:31,5197.6,1,5198.6,5199.6,1,10013,19646
2018-07-13,14:50:31,5198,1,5198.6,5199.6,1,10013,19646
2018-07-13,14:50:32,5197.6,1,5198.2,5199.8,1,10015,19648
2018-07-13,14:50:33,5197.6,1,5198.2,5199.6,1,10015,19648
2018-07-13,14:50:33,5197.6,2,5198.2,5199.6,3,10015,19648
2018-07-13,14:50:34,5197.6,2,5198.2,5199.2,1,10015,19648
2018-07-13,14:50:34,5197.6,3,5198.2,5199.2,1,10015,19648
2018-07-13,14:50:35,5197.6,3,5198.2,5199.2,1,10015,19648
2018-07-13,14:50:36,5197.6,3,5198.2,5198.2,1,10015,19648
2018-07-13,14:50:36,5197.6,2,5198.2,5199.2,1,10016,19647
2018-07-13,14:50:37,5197.6,2,5198.2,5199,2,10016,19647
2018-07-13,14:50:37,5197.6,1,5197.6,5198.8,1,10017,19647
2018-07-13,14:50:38,5197.6,1,5197.6,5198.8,1,10017,19647
2018-07-13,14:50:39,5197.6,1,5197.6,5198.6,1,10017,19647
2018-07-13,14:50:40,5198,1,5197.6,5198.6,1,10017,19647
2018-07-13,14:50:41,5197,5,5197.2,5197.2,1,10020,19648
2018-07-13,14:50:41,5197,2,5197,5198.4,1,10024,19652
2018-07-13,14:50:42,5197.2,1,5197,5198.2,2,10025,19653
2018-07-13,14:50:42,5197,1,5197.2,5197.2,2,10026,19654
2018-07-13,14:50:43,5196.2,1,5197,5197.2,2,10027,19655
2018-07-13,14:50:43,5196.2,1,5197,5197.2,2,10027,19655
2018-07-13,14:50:44,5196.4,1,5197,5197.2,2,10027,19655
2018-07-13,14:50:44,5196.4,2,5197,5197.2,2,10027,19655
2018-07-13,14:50:46,5196.4,2,5197,5197.2,2,10027,19655
2018-07-13,14:50:47,5196.4,1,5196.4,5197,1,10028,19655
2018-07-13,14:50:47,5196.4,1,5196.4,5197,1,10028,19655
2018-07-13,14:50:48,5196.4,1,5197,5198.2,2,10029,19655
2018-07-13,14:50:49,5196.4,1,5197,5198,1,10029,19655
2018-07-13,14:50:49,5196.4,1,5197,5198,1,10029,19655
2018-07-13,14:50:50,5196.4,1,5197,5197.8,1,10029,19655
2018-07-13,14:50:50,5196.2,1,5196.2,5197.8,1,10032,19656
2018-07-13,14:50:51,5196.2,1,5196.2,5197.2,1,10032,19656
2018-07-13,14:50:52,5196.2,1,5196.2,5197,1,10032,19656
2018-07-13,14:50:52,5196.2,1,5197,5197.6,1,10033,19656
2018-07-13,14:50:53,5196.2,1,5197,5197.6,1,10033,19656
2018-07-13,14:50:54,5196.2,1,5197,5197.2,1,10033,19656
2018-07-13,14:50:54,5196.2,1,5197,5197.2,1,10033,19656
2018-07-13,14:50:55,5196.2,1,5197,5197.2,1,10033,19656
2018-07-13,14:50:56,5196.2,1,5196.8,5197.2,1,10034,19656
2018-07-13,14:50:57,5197.2,1,5197.2,5197.6,1,10035,19656
2018-07-13,14:50:57,5196.2,1,5197.2,5197.6,2,10036,19656
2018-07-13,14:50:58,5196.4,2,5197.4,5197.4,1,10037,19656
2018-07-13,14:50:59,5196.4,2,5197.4,5197.4,1,10037,19656
2018-07-13,14:50:59,5197.4,2,5197.4,5197.6,2,10038,19657
2018-07-13,14:51:00,5197.4,2,5197.6,5197.8,1,10040,19657
2018-07-13,14:51:00,5197.8,2,5197.8,5198.6,1,10041,19657
2018-07-13,14:51:01,5197.4,3,5198.6,5197.8,1,10042,19658
2018-07-13,14:51:01,5197.8,3,5198.8,5198.8,3,10045,19659
2018-07-13,14:51:02,5198.8,1,5198.8,5199.6,2,10050,19661
2018-07-13,14:51:02,5197.6,1,5198.8,5199.6,2,10050,19661
2018-07-13,14:51:03,5197.8,1,5198.8,5199.6,2,10050,19661
2018-07-13,14:51:04,5197.8,2,5198.8,5198.4,1,10050,19661
2018-07-13,14:51:05,5197.8,1,5198.8,5198.4,1,10050,19661
2018-07-13,14:51:05,5197.8,1,5198.8,5198.6,1,10050,19661
2018-07-13,14:51:06,5197.8,1,5198.8,5198.6,1,10050,19661
2018-07-13,14:51:07,5197.6,1,5197.8,5198.4,1,10051,19661
2018-07-13,14:51:09,5197.6,1,5197.8,5198.4,1,10051,19661
2018-07-13,14:51:10,5197.6,1,5197.8,5198.4,1,10051,19661
2018-07-13,14:51:11,5197.4,3,5197.8,5198.4,1,10051,19661
2018-07-13,14:51:12,5197.4,4,5197.8,5198.4,1,10051,19661
2018-07-13,14:51:13,5197.4,4,5197.8,5198.4,1,10051,19661
2018-07-13,14:51:16,5197.4,4,5197.8,5198.4,1,10051,19661
2018-07-13,14:51:17,5196.4,2,5197,5198.4,1,10056,19665
2018-07-13,14:51:18,5196.6,1,5197,5198.2,1,10056,19665
2018-07-13,14:51:19,5196.8,2,5197,5198.2,1,10056,19665
2018-07-13,14:51:19,5197,2,5197,5198,1,10056,19665
2018-07-13,14:51:20,5197.2,1,5197,5198,1,10056,19665
2018-07-13,14:51:20,5197.2,1,5197,5198,1,10056,19665
2018-07-13,14:51:21,5197.2,1,5198.6,5198.8,1,10058,19667
2018-07-13,14:51:22,5197.4,1,5198.6,5198.8,1,10058,19667
2018-07-13,14:51:22,5197.6,1,5198.6,5198.8,1,10058,19667
2018-07-13,14:51:24,5198.4,2,5198.6,5198.8,1,10058,19667
2018-07-13,14:51:24,5197,1,5197,5198.8,1,10064,19672
2018-07-13,14:51:25,5197,1,5197,5198.4,1,10064,19672
2018-07-13,14:51:25,5197,1,5197,5198.8,1,10065,19673
2018-07-13,14:51:26,5197.2,1,5197,5198.8,1,10065,19673
2018-07-13,14:51:26,5197.2,1,5197,5198.8,1,10065,19673
2018-07-13,14:51:27,5197,1,5197,5198.8,1,10065,19673
2018-07-13,14:51:28,5197,1,5197,5198.6,2,10065,19673
2018-07-13,14:51:29,5196.4,2,5197,5198.6,2,10066,19672
2018-07-13,14:51:29,5196.8,1,5197,5198.2,2,10066,19672
2018-07-13,14:51:30,5196.8,1,5197,5198.2,2,10066,19672
2018-07-13,14:51:31,5196.8,1,5197,5198.2,2,10066,19672
2018-07-13,14:51:32,5197,3,5197,5198.2,1,10066,19672
2018-07-13,14:51:33,5197,3,5197,5198.2,1,10066,19672
2018-07-13,14:51:33,5197,3,5197,5198.2,1,10066,19672
2018-07-13,14:51:34,5197,3,5197,5198.2,1,10066,19672
2018-07-13,14:51:35,5197.2,1,5198.2,5199,1,10067,19673
2018-07-13,14:51:36,5197.4,1,5198.2,5198.8,1,10067,19673
2018-07-13,14:51:36,5197.4,1,5198.2,5198.8,1,10067,19673
2018-07-13,14:51:37,5197.4,1,5198.2,5198.6,1,10067,19673
2018-07-13,14:51:38,5197.4,1,5198.2,5198.6,1,10067,19673
2018-07-13,14:51:40,5197.4,1,5198.2,5198.4,1,10067,19673
2018-07-13,14:51:41,5197.2,1,5198.2,5198.4,1,10067,19673
2018-07-13,14:51:42,5197.2,1,5198.2,5198.8,1,10067,19673
2018-07-13,14:51:42,5197.2,1,5198.2,5198.6,1,10067,19673
2018-07-13,14:51:43,5197.2,1,5198.2,5198.6,2,10067,19673
2018-07-13,14:51:44,5197.2,2,5198.2,5198.6,2,10067,19673
2018-07-13,14:51:47,5197.2,2,5198.2,5198.4,1,10067,19673
2018-07-13,14:51:47,5197.2,3,5198.2,5198.4,1,10067,19673
2018-07-13,14:51:50,5197.4,1,5198.2,5198.4,1,10067,19673
2018-07-13,14:51:51,5197.4,2,5198.2,5198.4,2,10067,19673
2018-07-13,14:51:51,5197.4,2,5198.2,5198.4,2,10067,19673
2018-07-13,14:51:52,5197.4,2,5198.2,5198.4,6,10067,19673
2018-07-13,14:51:52,5197.4,3,5198.2,5198.4,6,10067,19673
2018-07-13,14:51:53,5197.4,3,5198.4,5198.2,1,10069,19674
2018-07-13,14:51:53,5197.4,3,5198.4,5198,1,10069,19674
2018-07-13,14:51:57,5197.4,3,5198.4,5198,1,10069,19674
2018-07-13,14:51:58,5197.4,3,5198.4,5198,1,10069,19674
2018-07-13,14:51:58,5198,2,5198,5198.2,1,10070,19675
2018-07-13,14:51:59,5198,1,5198,5198.2,1,10072,19677
2018-07-13,14:51:59,5198,2,5198,5198.2,1,10072,19677
2018-07-13,14:52:00,5198,2,5198,5198.2,1,10072,19677
2018-07-13,14:52:00,5197.4,2,5198,5198,2,10074,19676
2018-07-13,14:52:02,5197.4,2,5198,5198,1,10075,19675
2018-07-13,14:52:02,5197.4,2,5198,5198.2,1,10076,19674
2018-07-13,14:52:04,5198,2,5198,5198.2,1,10076,19674
2018-07-13,14:52:04,5198,2,5198.2,5198.4,4,10077,19674
2018-07-13,14:52:05,5198,1,5198,5198.4,4,10078,19674
2018-07-13,14:52:05,5197.4,2,5198.4,5198.4,3,10080,19673
2018-07-13,14:52:06,5198,1,5198.4,5198.4,2,10081,19672
2018-07-13,14:52:06,5198,1,5198.4,5198.6,2,10083,19672
2018-07-13,14:52:07,5198.2,1,5198.6,5198.6,1,10084,19672
2018-07-13,14:52:08,5198.2,2,5198.6,5198.6,1,10084,19672
2018-07-13,14:52:08,5198.2,2,5198.6,5198.6,1,10084,19672
2018-07-13,14:52:09,5197.4,2,5198.2,5198.6,3,10086,19672
2018-07-13,14:52:09,5197.4,2,5198.6,5198.6,1,10088,19673
2018-07-13,14:52:10,5197.6,1,5198.6,5198.6,1,10088,19673
2018-07-13,14:52:12,5197.6,1,5198.6,5198.6,1,10088,19673
2018-07-13,14:52:13,5197.6,1,5198.6,5198.2,1,10088,19673
2018-07-13,14:52:14,5197.6,1,5198.6,5198,1,10088,19673
2018-07-13,14:52:15,5198,3,5198,5198.2,1,10089,19674
2018-07-13,14:52:16,5198,2,5198,5198.6,1,10092,19676
2018-07-13,14:52:16,5198,2,5198,5198.6,1,10092,19676
2018-07-13,14:52:18,5198.6,1,5198.6,5198.8,1,10093,19676
2018-07-13,14:52:18,5198,2,5198.6,5198.8,1,10094,19677
2018-07-13,14:52:19,5198.8,1,5198.8,5199,1,10095,19678
2018-07-13,14:52:19,5198,2,5198.8,5198.8,1,10096,19679
2018-07-13,14:52:20,5198,2,5198.8,5199,1,10098,19681
2018-07-13,14:52:20,5198.2,1,5198,5199,1,10099,19682
2018-07-13,14:52:21,5198.2,1,5198,5199,3,10099,19682
2018-07-13,14:52:22,5198.2,1,5198,5199,4,10099,19682
2018-07-13,14:52:23,5198.2,1,5198,5198.8,2,10099,19682
2018-07-13,14:52:23,5198.2,1,5198,5198.8,2,10099,19682
2018-07-13,14:52:24,5198,1,5198.2,5198.8,2,10100,19682
2018-07-13,14:52:25,5197.6,2,5198,5198,1,10101,19683
2018-07-13,14:52:25,5197.6,1,5198.8,5198.8,1,10103,19684
2018-07-13,14:52:26,5197.6,1,5198.8,5198.6,1,10103,19684
2018-07-13,14:52:26,5197.8,1,5197.6,5198.6,1,10104,19684
2018-07-13,14:52:27,5197.4,2,5197.8,5198.4,2,10105,19684
2018-07-13,14:52:27,5197.4,3,5197.8,5198.4,2,10105,19684
2018-07-13,14:52:29,5197.4,3,5197.8,5198.4,2,10105,19684
2018-07-13,14:52:29,5197.4,3,5197.8,5198,2,10105,19684
2018-07-13,14:52:30,5197.6,2,5197.4,5197.8,1,10106,19684
2018-07-13,14:52:30,5197.4,2,5197.6,5197.6,1,10109,19686
2018-07-13,14:52:31,5197,4,5197.2,5197.6,1,10112,19687
2018-07-13,14:52:31,5197,4,5197.2,5197.4,1,10112,19687
2018-07-13,14:52:32,5197,2,5197,5197.2,1,10114,19688
2018-07-13,14:52:32,5196.2,1,5197,5197,2,10116,19688
2018-07-13,14:52:33,5196.2,1,5197,5196.4,1,10117,19687
2018-07-13,14:52:34,5196.8,2,5197,5197.6,1,10119,19689
2018-07-13,14:52:35,5196.8,2,5197,5197.6,1,10119,19689
2018-07-13,14:52:36,5197,1,5197,5197.6,1,10119,19689
2018-07-13,14:52:38,5197,1,5197,5197.4,1,10119,19689
2018-07-13,14:52:39,5196.8,2,5197,5197.4,1,10119,19689
2018-07-13,14:52:41,5196.8,2,5197,5197,1,10119,19689
2018-07-13,14:52:41,5196.8,2,5197,5197.4,1,10120,19690
2018-07-13,14:52:42,5196.8,2,5197,5197.4,1,10120,19690
2018-07-13,14:52:43,5196.8,2,5197,5197,5,10120,19690
2018-07-13,14:52:44,5196.8,3,5197,5197,5,10120,19690
2018-07-13,14:52:44,5196.8,1,5196.8,5197,3,10124,19692
2018-07-13,14:52:45,5196.2,3,5196.8,5197,3,10125,19693
2018-07-13,14:52:46,5196.4,1,5196.8,5197,3,10125,19693
2018-07-13,14:52:48,5196.2,3,5196.4,5197,3,10126,19693
2018-07-13,14:52:48,5196.6,1,5197,5197,2,10127,19693
2018-07-13,14:52:49,5196.2,4,5197,5197,2,10127,19693
2018-07-13,14:52:50,5196.2,4,5197,5196.8,1,10127,19693
2018-07-13,14:52:50,5196.4,2,5197,5196.8,1,10127,19693
2018-07-13,14:52:51,5196.2,4,5196.8,5197,2,10130,19695
2018-07-13,14:52:52,5196.2,4,5196.8,5197,2,10130,19695
2018-07-13,14:52:53,5196.2,4,5196.8,5197,2,10130,19695
2018-07-13,14:52:55,5196.2,4,5196.8,5197,4,10130,19695
2018-07-13,14:52:56,5196.2,3,5196.2,5196.8,1,10131,19695
2018-07-13,14:52:57,5195.4,1,5195.6,5196,3,10142,19695
2018-07-13,14:52:58,5195.4,1,5195.6,5196.4,1,10142,19695
2018-07-13,14:53:00,5195.8,1,5195.6,5196.4,1,10142,19695
2018-07-13,14:53:01,5195.8,1,5195.6,5197,4,10142,19695
2018-07-13,14:53:01,5195.8,1,5195.6,5196,1,10142,19695
2018-07-13,14:53:02,5196,1,5196,5196.8,1,10143,19696
2018-07-13,14:53:04,5196,2,5196,5196.8,1,10143,19696
2018-07-13,14:53:05,5196.8,1,5196.8,5197,4,10144,19697
2018-07-13,14:53:06,5196.8,1,5196.8,5197,4,10144,19697
2018-07-13,14:53:06,5196,2,5197,5197,3,10146,19697
2018-07-13,14:53:07,5196,2,5197,5196.8,1,10146,19697
2018-07-13,14:53:07,5196.8,1,5196.8,5197,3,10147,19698
2018-07-13,14:53:08,5196.2,1,5196.8,5197,4,10148,19699
2018-07-13,14:53:09,5196.2,1,5197,5197,1,10151,19702
2018-07-13,14:53:09,5196.2,1,5197,5197,1,10151,19702
2018-07-13,14:53:10,5196.4,1,5197,5197,1,10151,19702
2018-07-13,14:53:10,5196.4,1,5197,5197,1,10151,19702
2018-07-13,14:53:12,5197,1,5197,5197.6,2,10152,19702
2018-07-13,14:53:12,5197,1,5197,5197.6,2,10152,19702
2018-07-13,14:53:13,5197.6,1,5197.6,5198,2,10154,19703
2018-07-13,14:53:13,5198,4,5198,5198.8,1,10157,19706
2018-07-13,14:53:14,5198,5,5198.8,5199,8,10158,19707
2018-07-13,14:53:14,5198.2,1,5199,5198.8,1,10159,19707
2018-07-13,14:53:15,5199.2,3,5199.4,5199.4,2,10168,19711
2018-07-13,14:53:16,5198,5,5200,5200.2,2,10185,19715
2018-07-13,14:53:16,5199.6,2,5199.8,5200,1,10188,19716
2018-07-13,14:53:17,5198.2,1,5200,5201,5,10189,19716
2018-07-13,14:53:18,5198.4,2,5198.8,5198.8,1,10193,19718
2018-07-13,14:53:18,5198.4,1,5198.8,5200.4,1,10194,19719
2018-07-13,14:53:19,5198,4,5198.4,5198.4,1,10195,19720
2018-07-13,14:53:19,5198,4,5198.4,5198.4,1,10195,19720
2018-07-13,14:53:20,5198.6,1,5198.4,5198.8,4,10196,19720
2018-07-13,14:53:21,5198,4,5198.4,5198.8,4,10198,19721
2018-07-13,14:53:21,5198,4,5198.8,5198.8,3,10199,19722
2018-07-13,14:53:22,5198,1,5198,5198.8,3,10200,19722
2018-07-13,14:53:22,5196.2,1,5198,5197.4,2,10201,19722
2018-07-13,14:53:23,5196.4,3,5198,5197.2,1,10201,19722
2018-07-13,14:53:24,5196.6,1,5198,5197,1,10202,19722
2018-07-13,14:53:24,5196.6,1,5198,5196.8,1,10202,19722
2018-07-13,14:53:25,5196.6,1,5198,5196.8,1,10202,19722
2018-07-13,14:53:25,5196.6,1,5198,5196.8,2,10202,19722
2018-07-13,14:53:26,5196.6,1,5198,5196.8,2,10202,19722
2018-07-13,14:53:27,5196.6,1,5196.8,5196.8,1,10203,19723
2018-07-13,14:53:27,5196.6,1,5197,5198.8,3,10205,19723
2018-07-13,14:53:28,5196.8,2,5197,5197,2,10205,19723
2018-07-13,14:53:28,5196.6,2,5197,5198,1,10206,19724
2018-07-13,14:53:29,5196.6,2,5196.8,5197.8,1,10208,19724
2018-07-13,14:53:30,5197,1,5196.8,5197.8,1,10208,19724
2018-07-13,14:53:33,5197,1,5196.8,5197.6,1,10208,19724
2018-07-13,14:53:33,5197,1,5196.8,5197.6,2,10208,19724
2018-07-13,14:53:35,5197.4,1,5197.4,5197.6,2,10209,19724
2018-07-13,14:53:35,5197.4,1,5197.4,5197.6,2,10209,19724
2018-07-13,14:53:36,5197.4,1,5197.6,5197.6,1,10210,19725
2018-07-13,14:53:36,5197,1,5197.4,5197.6,1,10211,19726
2018-07-13,14:53:38,5197,1,5197.4,5197.6,1,10211,19726
2018-07-13,14:53:39,5197,1,5197.4,5197.6,1,10211,19726
2018-07-13,14:53:39,5197,1,5197.4,5197.6,1,10211,19726
2018-07-13,14:53:40,5197,1,5197.4,5197.6,1,10211,19726
2018-07-13,14:53:40,5197,1,5197.4,5197.6,1,10211,19726
2018-07-13,14:53:42,5197,1,5197.4,5197.4,1,10211,19726
2018-07-13,14:53:43,5197,1,5197.4,5197.4,1,10211,19726
2018-07-13,14:53:43,5197,1,5197.4,5197.6,1,10212,19726
2018-07-13,14:53:44,5197.4,1,5197.4,5197.6,1,10213,19726
2018-07-13,14:53:45,5197,1,5197.6,5198,3,10214,19727
2018-07-13,14:53:45,5197.4,1,5197.6,5198,3,10214,19727
2018-07-13,14:53:47,5197.4,1,5197.6,5198,3,10214,19727
2018-07-13,14:53:47,5197.4,1,5198,5197.8,2,10216,19726
2018-07-13,14:53:48,5197.4,1,5197.8,5197.6,1,10218,19726
2018-07-13,14:53:48,5198,2,5198,5198.8,3,10220,19727
2018-07-13,14:53:49,5198,1,5198,5198.8,3,10220,19727
2018-07-13,14:53:50,5198,1,5198,5198.6,1,10220,19727
2018-07-13,14:53:51,5198,1,5198,5198.4,1,10220,19727
2018-07-13,14:53:51,5197.4,1,5198,5198.2,1,10221,19727
2018-07-13,14:53:55,5197.6,1,5198,5198.2,1,10221,19727
2018-07-13,14:53:56,5197.6,1,5198,5198.2,1,10221,19727
2018-07-13,14:53:56,5198,1,5198,5198.2,1,10221,19727
2018-07-13,14:53:57,5197.6,1,5198,5198.2,1,10222,19728
2018-07-13,14:53:57,5198,1,5198.2,5198.4,1,10223,19728
2018-07-13,14:53:59,5198,1,5198.2,5198.4,1,10223,19728
2018-07-13,14:54:00,5198.2,1,5198.2,5198.4,1,10223,19728
2018-07-13,14:54:01,5197.6,1,5198,5198.4,1,10226,19727
2018-07-13,14:54:03,5197.8,1,5198,5198.4,1,10226,19727
2018-07-13,14:54:04,5198,1,5198,5198.4,1,10226,19727
2018-07-13,14:54:04,5198,1,5198,5198.4,1,10226,19727
2018-07-13,14:54:05,5197.8,2,5198.4,5198.6,2,10228,19727
2018-07-13,14:54:06,5197.8,2,5198.4,5198,1,10228,19727
2018-07-13,14:54:07,5197.8,2,5198,5198.6,2,10229,19728
2018-07-13,14:54:08,5197,4,5197.8,5197.4,1,10231,19727
2018-07-13,14:54:08,5197,4,5197.8,5197.2,1,10231,19727
2018-07-13,14:54:09,5197,3,5197.2,5198,1,10233,19728
2018-07-13,14:54:09,5197,3,5197.2,5197.8,1,10233,19728
2018-07-13,14:54:10,5197,3,5197.8,5198,1,10234,19728
2018-07-13,14:54:11,5197,3,5198,5197.8,1,10235,19729
2018-07-13,14:54:11,5197,3,5198,5198.6,2,10235,19729
2018-07-13,14:54:12,5197.2,1,5198,5198.4,1,10235,19729
2018-07-13,14:54:13,5197,3,5197.2,5198.2,1,10236,19730
2018-07-13,14:54:13,5197.2,1,5197.2,5198.2,1,10236,19730
2018-07-13,14:54:14,5197.2,1,5197.2,5198.4,1,10236,19730
2018-07-13,14:54:15,5197.4,1,5197.2,5198.2,1,10236,19730
2018-07-13,14:54:16,5197.4,1,5197.2,5198.2,1,10236,19730
2018-07-13,14:54:16,5197.4,1,5197.2,5198.2,1,10236,19730
2018-07-13,14:54:19,5197.8,1,5197.4,5198.2,2,10237,19731
2018-07-13,14:54:20,5197.2,1,5197.8,5197.8,1,10239,19733
2018-07-13,14:54:20,5197.2,1,5197.8,5197.8,1,10239,19733
2018-07-13,14:54:21,5197,4,5197.2,5198.2,1,10240,19733
2018-07-13,14:54:22,5197,4,5197.2,5198,2,10240,19733
2018-07-13,14:54:22,5197.6,2,5197.2,5197.8,1,10240,19733
2018-07-13,14:54:23,5197.6,3,5197.2,5197.8,3,10240,19733
2018-07-13,14:54:26,5197.6,3,5197.2,5197.8,3,10240,19733
2018-07-13,14:54:27,5197.6,3,5197.8,5197.8,2,10241,19732
2018-07-13,14:54:28,5197.2,1,5197.6,5197.6,1,10244,19733
2018-07-13,14:54:29,5197,2,5197,5197.6,1,10247,19734
2018-07-13,14:54:30,5197,2,5197,5197.6,2,10247,19734
2018-07-13,14:54:30,5197,2,5197,5197.4,1,10247,19734
2018-07-13,14:54:31,5197,1,5197,5197.4,1,10249,19736
2018-07-13,14:54:31,5196.6,1,5197,5197,1,10250,19736
2018-07-13,14:54:32,5196,11,5196.6,5197,1,10251,19737
2018-07-13,14:54:33,5196,11,5197,5196.8,1,10252,19737
2018-07-13,14:54:35,5196,10,5196,5196.2,1,10253,19738
2018-07-13,14:54:36,5196,10,5197,5197.2,1,10254,19738
2018-07-13,14:54:36,5196.2,1,5197,5197,1,10254,19738
2018-07-13,14:54:37,5196.2,2,5197,5196.6,1,10256,19740
2018-07-13,14:54:38,5196,10,5196.2,5196.6,1,10258,19740
2018-07-13,14:54:39,5196.4,1,5196,5196.6,1,10259,19741
2018-07-13,14:54:39,5196,9,5196.4,5196.6,1,10260,19741
2018-07-13,14:54:40,5196,9,5196.6,5196.8,2,10261,19742
2018-07-13,14:54:41,5196,7,5196,5196.8,1,10264,19745
2018-07-13,14:54:41,5196,7,5196,5196.8,1,10264,19745
2018-07-13,14:54:42,5196,7,5196,5196.6,1,10264,19745
2018-07-13,14:54:43,5196,6,5196,5196.4,1,10265,19746
2018-07-13,14:54:44,5196,6,5196,5196.4,1,10265,19746
2018-07-13,14:54:45,5195.8,3,5196,5196,2,10271,19748
2018-07-13,14:54:46,5195,2,5196.2,5196,3,10277,19744
2018-07-13,14:54:46,5195,2,5196.2,5195.8,2,10277,19744
2018-07-13,14:54:47,5195,2,5196.2,5195.6,1,10277,19744
2018-07-13,14:54:48,5195,1,5195,5195.6,1,10278,19744
2018-07-13,14:54:48,5194.8,1,5195,5195.4,1,10279,19745
2018-07-13,14:54:49,5195,1,5195.4,5195.6,1,10280,19746
2018-07-13,14:54:49,5195,1,5195.8,5196.4,1,10283,19748
2018-07-13,14:54:50,5195.2,1,5196.4,5197.6,1,10284,19748
2018-07-13,14:54:51,5195.4,2,5196.4,5197.2,1,10284,19748
2018-07-13,14:54:51,5195.6,1,5195.8,5196,1,10288,19752
2018-07-13,14:54:52,5195.6,1,5195.8,5196,1,10288,19752
2018-07-13,14:54:53,5195.2,1,5195.8,5196,1,10288,19752
2018-07-13,14:54:53,5195.2,1,5197,5197.4,1,10291,19755
2018-07-13,14:54:54,5195.4,3,5197,5197.2,1,10291,19755
2018-07-13,14:54:54,5195.6,2,5197,5197,2,10291,19755
2018-07-13,14:54:55,5195.8,1,5197,5197,3,10291,19755
2018-07-13,14:54:56,5195.6,2,5195.8,5197,1,10292,19756
2018-07-13,14:54:57,5195.8,1,5195.8,5196.8,1,10292,19756
2018-07-13,14:54:58,5196,1,5195.8,5196.8,1,10292,19756
2018-07-13,14:55:00,5195.6,2,5196,5197,1,10294,19756
2018-07-13,14:55:00,5195.6,2,5196,5197,1,10294,19756
2018-07-13,14:55:01,5195.8,2,5196,5197,1,10294,19756
2018-07-13,14:55:01,5195,2,5195.8,5195.8,1,10299,19758
2018-07-13,14:55:02,5195,1,5195,5197,1,10301,19759
2018-07-13,14:55:02,5195.8,1,5195,5196.8,2,10301,19759
2018-07-13,14:55:03,5195.8,1,5196.6,5196.6,1,10302,19760
2018-07-13,14:55:04,5196,2,5196.6,5196.6,1,10302,19760
2018-07-13,14:55:04,5196,2,5196.6,5196.4,1,10302,19760
2018-07-13,14:55:05,5196,1,5196,5197,1,10304,19761
2018-07-13,14:55:06,5196.2,1,5196,5197,1,10305,19761
2018-07-13,14:55:06,5196.2,1,5196,5197,1,10305,19761
2018-07-13,14:55:07,5196.6,1,5196,5197,1,10305,19761
2018-07-13,14:55:07,5196.6,1,5197,5197.4,1,10306,19762
2018-07-13,14:55:08,5196.6,1,5197,5197.4,1,10307,19762
2018-07-13,14:55:09,5196.8,1,5197,5197,1,10307,19762
2018-07-13,14:55:09,5196.8,2,5197,5197,1,10308,19763
2018-07-13,14:55:10,5195.8,1,5196.6,5197,1,10311,19765
2018-07-13,14:55:10,5195.8,2,5197,5197.4,1,10312,19764
2018-07-13,14:55:11,5195.8,2,5197,5197.2,1,10312,19764
2018-07-13,14:55:12,5196.2,1,5197,5197,1,10312,19764
2018-07-13,14:55:12,5196.2,1,5197,5197.2,1,10312,19764
2018-07-13,14:55:13,5196.2,2,5197,5197.2,1,10312,19764
2018-07-13,14:55:13,5196.2,2,5197,5197.2,7,10312,19764
2018-07-13,14:55:14,5196.6,1,5197,5197.2,7,10312,19764
2018-07-13,14:55:14,5196.6,1,5197.2,5197,1,10314,19763
2018-07-13,14:55:15,5196.8,1,5197.2,5197.2,3,10317,19765
2018-07-13,14:55:16,5196.8,1,5197.2,5197,1,10320,19766
2018-07-13,14:55:16,5196.8,1,5197,5197.4,1,10321,19765
2018-07-13,14:55:17,5196.8,1,5197,5197.4,1,10321,19765
2018-07-13,14:55:18,5196.8,1,5197,5197.4,1,10321,19765
2018-07-13,14:55:18,5196.6,2,5197.4,5197.6,1,10323,19765
2018-07-13,14:55:19,5196.6,2,5197.6,5197.8,1,10324,19765
2018-07-13,14:55:19,5197.8,2,5197.8,5198,1,10325,19766
2018-07-13,14:55:20,5197.8,2,5197.8,5198,1,10325,19766
2018-07-13,14:55:20,5197.8,1,5197.8,5198,1,10326,19766
2018-07-13,14:55:21,5197.8,1,5197.8,5198,1,10327,19767
2018-07-13,14:55:21,5197,1,5197.8,5198,1,10328,19766
2018-07-13,14:55:22,5197,2,5197.8,5198,1,10328,19766
2018-07-13,14:55:23,5197,2,5197.8,5197.8,1,10328,19766
2018-07-13,14:55:24,5197,2,5197.8,5197.8,1,10328,19766
2018-07-13,14:55:24,5196.6,1,5197,5197.8,1,10330,19768
2018-07-13,14:55:25,5196.8,1,5197,5197.8,1,10330,19768
2018-07-13,14:55:25,5196.8,1,5197.8,5198,1,10331,19768
2018-07-13,14:55:26,5196.8,1,5197.8,5197,3,10331,19768
2018-07-13,14:55:27,5196.6,1,5196.8,5197,4,10332,19769
2018-07-13,14:55:28,5196.8,1,5196.8,5197,4,10332,19769
2018-07-13,14:55:29,5196.8,1,5197,5197,3,10333,19769
2018-07-13,14:55:30,5197,1,5197,5198,1,10336,19771
2018-07-13,14:55:31,5197,1,5197,5197.8,1,10337,19772
2018-07-13,14:55:31,5197,1,5198,5198.4,1,10339,19773
2018-07-13,14:55:32,5197,1,5198.4,5198.6,2,10340,19774
2018-07-13,14:55:32,5197.2,3,5198.4,5198.6,2,10340,19774
2018-07-13,14:55:33,5197.2,3,5198.4,5198.4,1,10340,19774
2018-07-13,14:55:33,5197.4,1,5198.4,5198.4,1,10340,19774
2018-07-13,14:55:34,5197.6,1,5198.4,5198.4,2,10340,19774
2018-07-13,14:55:34,5197.6,1,5198.4,5198.4,2,10340,19774
2018-07-13,14:55:35,5197.8,2,5197.6,5198.4,2,10341,19774
2018-07-13,14:55:35,5197.4,1,5197.8,5198.4,2,10343,19776
2018-07-13,14:55:36,5197.4,2,5197.8,5198.2,1,10343,19776
2018-07-13,14:55:37,5197.4,1,5198.2,5198.4,2,10344,19776
2018-07-13,14:55:37,5197.2,1,5197.4,5198.2,1,10346,19778
2018-07-13,14:55:38,5196.8,1,5197,5197,1,10349,19779
2018-07-13,14:55:38,5196.8,1,5197,5198.2,1,10350,19779
2018-07-13,14:55:39,5196.8,2,5197,5198,2,10350,19779
2018-07-13,14:55:39,5196.8,2,5197,5197.8,2,10350,19779
2018-07-13,14:55:40,5196.6,1,5196.8,5197,2,10355,19778
2018-07-13,14:55:41,5196.2,1,5197,5196.8,1,10357,19780
2018-07-13,14:55:41,5196.2,1,5196.8,5196.4,1,10358,19779
2018-07-13,14:55:42,5196.8,1,5196.4,5197,5,10360,19778
2018-07-13,14:55:43,5196.2,1,5196.8,5196.6,1,10361,19779
2018-07-13,14:55:43,5196.4,1,5196.8,5196.6,1,10361,19779
2018-07-13,14:55:44,5196.4,1,5196.8,5196.6,2,10361,19779
2018-07-13,14:55:44,5196.4,1,5196.8,5196.6,2,10361,19779
2018-07-13,14:55:46,5196.2,2,5196.4,5196.6,2,10362,19780
2018-07-13,14:55:46,5196.2,2,5196.4,5196.6,3,10362,19780
2018-07-13,14:55:47,5196,1,5196.2,5196.6,3,10364,19778
2018-07-13,14:55:47,5195.8,1,5196.6,5196.4,2,10366,19778
2018-07-13,14:55:48,5195.8,1,5196.4,5196.4,2,10367,19779
2018-07-13,14:55:49,5195.8,1,5196.4,5196.4,2,10367,19779
2018-07-13,14:55:49,5195.8,1,5196.4,5196.4,2,10367,19779
2018-07-13,14:55:50,5195.8,1,5196.4,5196.4,1,10368,19780
2018-07-13,14:55:50,5195.8,1,5196.4,5196.6,2,10368,19780
2018-07-13,14:55:51,5195.4,1,5195.8,5196.6,2,10369,19781
2018-07-13,14:55:51,5196,1,5195.8,5196.6,2,10369,19781
2018-07-13,14:55:52,5196,1,5195.8,5196.4,1,10369,19781
2018-07-13,14:55:52,5194.8,2,5196.4,5196.6,4,10372,19782
2018-07-13,14:55:53,5195,1,5196.4,5196.4,2,10372,19782
2018-07-13,14:55:53,5195.2,1,5196.4,5196.4,2,10372,19782
2018-07-13,14:55:54,5195.4,1,5196.4,5196.4,2,10372,19782
2018-07-13,14:55:54,5195.4,1,5196.4,5196.2,1,10372,19782
2018-07-13,14:55:55,5195.4,1,5196.4,5196.2,1,10372,19782
2018-07-13,14:55:57,5195.4,1,5196.4,5196,1,10372,19782
2018-07-13,14:55:57,5195,1,5195.2,5196,1,10374,19784
2018-07-13,14:55:58,5195,1,5195.2,5195.8,2,10374,19784
2018-07-13,14:55:58,5194.8,2,5195.2,5195.8,2,10374,19784
2018-07-13,14:55:59,5194.8,2,5195.2,5195.8,2,10374,19784
2018-07-13,14:55:59,5194.8,2,5195.2,5195.8,2,10374,19784
2018-07-13,14:56:00,5194.8,2,5195.2,5195.4,1,10374,19784
2018-07-13,14:56:00,5194.8,2,5195.2,5195.2,5,10374,19784
2018-07-13,14:56:01,5194.8,2,5195.2,5195,1,10374,19784
2018-07-13,14:56:01,5194.8,2,5194.8,5195,1,10375,19783
2018-07-13,14:56:02,5194.8,1,5194.8,5195,1,10376,19783
2018-07-13,14:56:02,5194,2,5195.2,5195.2,4,10379,19782
2018-07-13,14:56:03,5194,2,5195.2,5195.2,6,10379,19782
2018-07-13,14:56:04,5194,2,5195.2,5195,1,10379,19782
2018-07-13,14:56:05,5194.2,1,5195,5194.8,1,10380,19783
2018-07-13,14:56:05,5194.2,1,5194.2,5194.8,1,10381,19784
2018-07-13,14:56:06,5194.2,1,5194.2,5194.6,1,10381,19784
2018-07-13,14:56:06,5194,2,5194.2,5195.2,7,10384,19785
2018-07-13,14:56:07,5194,2,5194.2,5195,1,10384,19785
2018-07-13,14:56:07,5194,1,5194,5194.8,2,10385,19785
2018-07-13,14:56:08,5194.2,2,5194.8,5195,1,10387,19785
2018-07-13,14:56:09,5193.8,1,5194,5194,3,10391,19788
2018-07-13,14:56:09,5193.6,1,5194,5194,1,10394,19790
2018-07-13,14:56:10,5194.4,2,5194,5195.2,7,10395,19791
2018-07-13,14:56:11,5191.2,1,5191.8,5195,2,10401,19790
2018-07-13,14:56:12,5193.2,1,5193,5194.4,2,10402,19790
2018-07-13,14:56:12,5193.2,1,5193,5194.2,3,10402,19790
2018-07-13,14:56:13,5193.2,1,5193,5194.2,3,10402,19790
2018-07-13,14:56:14,5193.2,1,5193,5194.2,3,10402,19790
2018-07-13,14:56:14,5193.2,1,5193,5194.2,3,10402,19790
2018-07-13,14:56:15,5193.2,2,5193.2,5194.2,3,10403,19791
2018-07-13,14:56:16,5193.2,2,5193.2,5194.2,4,10403,19791
2018-07-13,14:56:17,5193.2,2,5193.2,5194.2,4,10403,19791
2018-07-13,14:56:17,5193.2,2,5193.2,5194.2,5,10403,19791
2018-07-13,14:56:18,5193.2,2,5193.2,5194.2,5,10403,19791
2018-07-13,14:56:19,5192.8,1,5193.2,5194.2,5,10405,19789
2018-07-13,14:56:20,5192.8,1,5193.2,5194.2,5,10405,19789
2018-07-13,14:56:21,5193.4,1,5193.2,5193.8,1,10405,19789
2018-07-13,14:56:21,5192.8,1,5193.4,5193.8,1,10406,19788
2018-07-13,14:56:22,5193.2,2,5193.4,5193.8,1,10406,19788
2018-07-13,14:56:22,5193.2,2,5193.4,5193.8,1,10406,19788
2018-07-13,14:56:23,5193.2,2,5194,5194,4,10408,19790
2018-07-13,14:56:24,5193.8,1,5193.2,5194.2,1,10409,19790
2018-07-13,14:56:24,5193.8,1,5193.2,5194,3,10409,19790
2018-07-13,14:56:25,5193.4,1,5194,5194,2,10411,19791
2018-07-13,14:56:25,5193.2,1,5194,5194,2,10411,19791
2018-07-13,14:56:26,5193.4,2,5194,5194,2,10411,19791
2018-07-13,14:56:27,5193.2,1,5193.4,5194,3,10413,19791
2018-07-13,14:56:27,5192.4,1,5193.2,5194,3,10414,19792
2018-07-13,14:56:28,5192.6,1,5193.8,5194,3,10415,19792
2018-07-13,14:56:28,5192.6,1,5194,5193.2,1,10416,19792
2018-07-13,14:56:29,5192.6,1,5192.8,5194,2,10418,19791
2018-07-13,14:56:30,5192.6,1,5192.8,5192.8,1,10419,19792
2018-07-13,14:56:30,5192,1,5192.6,5194,2,10421,19792
2018-07-13,14:56:31,5192.2,2,5192.6,5193.8,4,10421,19792
2018-07-13,14:56:31,5192.4,1,5193.8,5193.8,3,10422,19791
2018-07-13,14:56:32,5192.4,1,5193.8,5193.8,3,10422,19791
2018-07-13,14:56:32,5192.6,2,5193.8,5193.8,1,10423,19792
2018-07-13,14:56:33,5192.8,1,5192.6,5193.8,1,10425,19792
2018-07-13,14:56:34,5192.8,1,5192.6,5193.8,1,10425,19792
2018-07-13,14:56:35,5192.8,1,5193,5193.8,1,10426,19793
2018-07-13,14:56:36,5192.8,2,5193,5193.8,1,10426,19793
2018-07-13,14:56:36,5192.6,1,5192.8,5193.8,1,10428,19794
2018-07-13,14:56:38,5192.6,1,5192.8,5193.4,1,10428,19794
2018-07-13,14:56:38,5192.6,1,5192.8,5193.4,1,10428,19794
2018-07-13,14:56:39,5192.6,1,5192.8,5193.4,1,10428,19794
2018-07-13,14:56:40,5193.4,1,5193.4,5193.6,1,10431,19795
2018-07-13,14:56:40,5191.8,1,5193.4,5193.6,3,10432,19795
2018-07-13,14:56:41,5191.8,1,5193.4,5193.6,3,10432,19795
2018-07-13,14:56:42,5192.2,2,5193.4,5193.2,1,10432,19795
2018-07-13,14:56:43,5192.2,1,5193.4,5193,2,10432,19795
2018-07-13,14:56:43,5191.8,1,5193,5193,1,10433,19794
2018-07-13,14:56:44,5191.8,1,5193,5193.2,1,10434,19794
2018-07-13,14:56:44,5192,1,5193.2,5193.4,1,10435,19795
2018-07-13,14:56:45,5192,1,5193.2,5193.4,1,10435,19795
2018-07-13,14:56:45,5191.2,1,5191.8,5191.8,2,10438,19797
2018-07-13,14:56:46,5191.2,1,5191.8,5193.6,1,10442,19798
2018-07-13,14:56:47,5191.4,1,5193.4,5193.4,2,10445,19799
2018-07-13,14:56:47,5191.8,2,5193.4,5193.2,2,10445,19799
2018-07-13,14:56:48,5191.8,1,5193,5193.2,1,10447,19801
2018-07-13,14:56:49,5191.8,1,5193,5193.2,1,10447,19801
2018-07-13,14:56:49,5191.8,1,5193,5193,1,10447,19801
2018-07-13,14:56:50,5191.8,1,5191.8,5193,1,10449,19803
2018-07-13,14:56:51,5191.8,1,5191.8,5193,1,10449,19803
2018-07-13,14:56:52,5192,1,5192.8,5193,1,10450,19804
2018-07-13,14:56:53,5192.2,1,5193,5193.4,1,10451,19804
2018-07-13,14:56:53,5192.2,1,5193,5193.2,1,10451,19804
2018-07-13,14:56:54,5192.2,1,5193,5193.2,1,10451,19804
2018-07-13,14:56:54,5192.2,1,5193,5193,1,10451,19804
2018-07-13,14:56:55,5192,1,5192.2,5193,1,10452,19805
2018-07-13,14:56:56,5192,1,5192.2,5192.8,1,10452,19805
2018-07-13,14:56:57,5192,1,5192.2,5192.6,1,10452,19805
2018-07-13,14:56:57,5192.2,1,5192.2,5192.4,1,10452,19805
2018-07-13,14:56:58,5192.2,1,5192.2,5192.4,1,10452,19805
2018-07-13,14:56:58,5192,1,5192.2,5193.6,2,10453,19805
2018-07-13,14:56:59,5192.2,1,5192.2,5193,1,10453,19805
2018-07-13,14:57:00,5192.4,1,5192.2,5192.8,1,10453,19805
2018-07-13,14:57:00,5192,1,5192.2,5192.8,1,10454,19806
2018-07-13,14:57:01,5192.6,1,5192.2,5192.8,1,10454,19806
2018-07-13,14:57:01,5192,1,5192.6,5192.8,1,10455,19807
2018-07-13,14:57:02,5191.8,1,5192,5192,1,10456,19807
2018-07-13,14:57:02,5191.8,2,5192,5192,1,10456,19807
2018-07-13,14:57:03,5191.8,2,5192,5192,1,10456,19807
2018-07-13,14:57:03,5191.8,2,5192.2,5192.8,1,10458,19806
2018-07-13,14:57:04,5191.8,2,5192.2,5192.8,1,10458,19806
2018-07-13,14:57:05,5192.6,1,5192.2,5192.8,1,10458,19806
2018-07-13,14:57:06,5192.6,2,5192.8,5193.6,1,10459,19806
2018-07-13,14:57:06,5192.8,1,5192.6,5193.6,1,10461,19806
2018-07-13,14:57:07,5192,1,5192.6,5193.6,1,10462,19806
2018-07-13,14:57:07,5192.4,1,5193.4,5193.6,1,10463,19807
2018-07-13,14:57:08,5192.4,1,5193.6,5194,2,10464,19808
2018-07-13,14:57:09,5192.6,3,5194,5194,1,10465,19809
2018-07-13,14:57:09,5192.6,3,5194,5194,1,10465,19809
2018-07-13,14:57:10,5192.8,1,5194,5194,1,10465,19809
2018-07-13,14:57:10,5193.2,1,5194,5194,1,10465,19809
2018-07-13,14:57:11,5193.2,1,5193.4,5193.8,1,10466,19810
2018-07-13,14:57:11,5192.6,3,5193.4,5193.8,1,10466,19810
2018-07-13,14:57:12,5192.6,3,5193.4,5193.6,1,10466,19810
2018-07-13,14:57:13,5192.6,2,5193.4,5193.6,1,10466,19810
2018-07-13,14:57:13,5192.8,1,5193.4,5193.6,1,10466,19810
2018-07-13,14:57:15,5192.8,1,5193.4,5193.6,1,10466,19810
2018-07-13,14:57:15,5193,1,5193.4,5193.6,1,10466,19810
2018-07-13,14:57:16,5193,1,5193.4,5193.6,1,10466,19810
2018-07-13,14:57:18,5193.6,1,5193.8,5194,1,10468,19811
2018-07-13,14:57:18,5193,1,5193.6,5194,1,10469,19811
2018-07-13,14:57:19,5193,1,5194,5195,6,10470,19812
2018-07-13,14:57:19,5193.2,2,5194,5194,1,10470,19812
2018-07-13,14:57:20,5193,1,5194,5194.4,1,10471,19813
2018-07-13,14:57:21,5192.8,1,5193,5194,4,10472,19812
2018-07-13,14:57:21,5192.8,1,5193,5193,1,10472,19812
2018-07-13,14:57:22,5192.8,1,5193,5193,1,10472,19812
2018-07-13,14:57:23,5192.8,1,5193,5193,1,10472,19812
2018-07-13,14:57:24,5193.2,4,5193,5194,3,10472,19812
2018-07-13,14:57:24,5193.2,4,5193,5194,3,10472,19812
2018-07-13,14:57:25,5193.2,4,5194,5194,1,10473,19811
2018-07-13,14:57:26,5193.4,1,5193.2,5194,1,10474,19812
2018-07-13,14:57:26,5193.4,1,5194,5194.4,1,10475,19813
2018-07-13,14:57:27,5194,2,5194,5194.8,1,10475,19813
2018-07-13,14:57:27,5194,2,5194,5194.8,1,10475,19813
2018-07-13,14:57:28,5194,1,5194,5194.8,1,10476,19812
2018-07-13,14:57:29,5193.4,1,5193.6,5194.8,1,10478,19813
2018-07-13,14:57:30,5193.4,1,5194,5194.6,1,10479,19812
2018-07-13,14:57:30,5193.4,1,5194,5194.4,1,10479,19812
2018-07-13,14:57:31,5193.2,3,5193.4,5194.4,1,10480,19813
2018-07-13,14:57:31,5193.2,3,5193.4,5194.2,1,10480,19813
2018-07-13,14:57:32,5193.6,2,5193.4,5194,2,10480,19813
2018-07-13,14:57:32,5193.6,1,5194,5194,1,10482,19813
2018-07-13,14:57:33,5193.8,1,5193.6,5194.2,1,10484,19814
2018-07-13,14:57:34,5194.2,1,5193.8,5194.6,1,10485,19814
2018-07-13,14:57:34,5193.4,1,5194.2,5193.6,2,10486,19815
2018-07-13,14:57:35,5193.4,1,5194.4,5194.6,1,10489,19818
2018-07-13,14:57:35,5193.4,1,5194.4,5194.4,1,10489,19818
2018-07-13,14:57:36,5193.4,1,5194.4,5194.6,1,10491,19820
2018-07-13,14:57:36,5193.4,1,5194.4,5194.6,1,10491,19820
2018-07-13,14:57:37,5193.6,1,5194.4,5194.6,1,10491,19820
2018-07-13,14:57:38,5193.6,1,5194.4,5194.6,1,10491,19820
2018-07-13,14:57:39,5193.6,1,5194.6,5194,5,10494,19821
2018-07-13,14:57:40,5193.8,1,5193.6,5194,5,10495,19821
2018-07-13,14:57:40,5193.4,1,5193.8,5193.8,1,10496,19821
2018-07-13,14:57:41,5193.4,1,5193.8,5194,5,10496,19821
2018-07-13,14:57:43,5193.4,1,5194,5194,4,10497,19821
2018-07-13,14:57:44,5193.2,3,5193.4,5193.4,1,10498,19822
2018-07-13,14:57:45,5193.2,3,5194,5194,1,10503,19822
2018-07-13,14:57:46,5193,1,5193.2,5193.2,2,10509,19828
2018-07-13,14:57:47,5193,1,5193.2,5194.8,2,10511,19830
2018-07-13,14:57:47,5193,1,5193.2,5194.6,3,10512,19831
2018-07-13,14:57:48,5193,1,5193.2,5194.6,2,10512,19831
2018-07-13,14:57:48,5193,1,5194.6,5194.6,1,10514,19833
2018-07-13,14:57:49,5193.2,1,5194.6,5194.6,1,10514,19833
2018-07-13,14:57:49,5193.2,1,5194.6,5194.8,1,10515,19834
2018-07-13,14:57:50,5193.6,3,5194.6,5194.6,1,10515,19834
2018-07-13,14:57:51,5193.6,3,5194.6,5194.4,1,10515,19834
2018-07-13,14:57:52,5193.6,2,5194.6,5194.4,1,10515,19834
2018-07-13,14:57:53,5193.6,2,5194.6,5194,1,10515,19834
2018-07-13,14:57:54,5193.6,2,5194.6,5194,1,10515,19834
2018-07-13,14:57:54,5193.4,1,5193.6,5194,1,10517,19836
2018-07-13,14:57:55,5193.2,2,5193.4,5193.8,1,10518,19836
2018-07-13,14:57:56,5193.2,1,5193.4,5193.8,1,10518,19836
2018-07-13,14:57:57,5193.2,1,5193.4,5193.8,1,10519,19837
2018-07-13,14:57:58,5193,2,5193.2,5193.8,1,10520,19838
2018-07-13,14:57:59,5193.2,1,5193.8,5194,1,10521,19838
2018-07-13,14:58:00,5193.4,1,5193.2,5194,1,10522,19839
2018-07-13,14:58:01,5193.4,2,5193.2,5193.8,1,10523,19840
2018-07-13,14:58:02,5193.4,1,5193.8,5194,2,10525,19841
2018-07-13,14:58:02,5193.4,1,5193.8,5194,2,10525,19841
2018-07-13,14:58:03,5193.8,1,5193.4,5194.8,1,10533,19845
2018-07-13,14:58:04,5194,1,5193.4,5194.8,1,10533,19845
2018-07-13,14:58:05,5194.2,2,5193.4,5195,2,10533,19845
2018-07-13,14:58:05,5194.4,1,5193.4,5194.6,1,10533,19845
2018-07-13,14:58:06,5194.6,1,5194.6,5195,2,10537,19847
2018-07-13,14:58:06,5194.2,1,5194.6,5195,2,10538,19847
2018-07-13,14:58:07,5193.6,1,5194.2,5195,2,10539,19847
2018-07-13,14:58:08,5194,1,5194.2,5194.8,1,10539,19847
2018-07-13,14:58:09,5193.8,1,5194.2,5194.8,1,10539,19847
2018-07-13,14:58:10,5193.8,1,5194.8,5195,2,10540,19848
2018-07-13,14:58:10,5194,2,5193.8,5195,2,10541,19848
2018-07-13,14:58:11,5194,2,5193.8,5195,3,10541,19848
2018-07-13,14:58:11,5194,2,5195,5195,2,10542,19849
2018-07-13,14:58:12,5194.2,1,5195,5195,2,10542,19849
2018-07-13,14:58:13,5194.2,1,5195,5195,2,10542,19849
2018-07-13,14:58:14,5194,1,5194.2,5195,1,10544,19850
2018-07-13,14:58:15,5194,1,5194.2,5194.8,1,10544,19850
2018-07-13,14:58:16,5194.2,2,5194.2,5194.8,1,10544,19850
2018-07-13,14:58:16,5194.2,1,5194.2,5194.6,1,10545,19851
2018-07-13,14:58:17,5193.2,1,5194,5193.6,2,10547,19852
2018-07-13,14:58:17,5193.6,1,5193.6,5194.2,1,10550,19854
2018-07-13,14:58:18,5193.8,1,5193,5194,1,10554,19856
2018-07-13,14:58:19,5192.8,1,5193.8,5194,1,10555,19856
2018-07-13,14:58:20,5193,1,5193.8,5193.8,1,10555,19856
2018-07-13,14:58:20,5193,1,5193.8,5193.6,1,10555,19856
2018-07-13,14:58:21,5193.2,1,5193.8,5193.6,1,10556,19856
2018-07-13,14:58:22,5193.2,1,5193.8,5193.6,1,10556,19856
2018-07-13,14:58:22,5193.2,1,5193.8,5193.6,1,10556,19856
2018-07-13,14:58:23,5193.2,2,5193.8,5193.6,1,10556,19856
2018-07-13,14:58:23,5193.2,3,5193.8,5193.4,1,10556,19856
2018-07-13,14:58:24,5193.2,3,5193.8,5193.4,1,10556,19856
2018-07-13,14:58:24,5193.2,3,5193.4,5193.6,1,10557,19856
2018-07-13,14:58:25,5193.2,3,5193.4,5193.6,1,10557,19856
2018-07-13,14:58:26,5193.4,2,5193.4,5193.6,1,10560,19857
2018-07-13,14:58:26,5193.4,2,5193.6,5193.8,1,10561,19856
2018-07-13,14:58:27,5193.4,2,5193.6,5193.8,1,10561,19856
2018-07-13,14:58:27,5193.6,1,5193.6,5193.8,1,10561,19856
2018-07-13,14:58:28,5193.6,1,5193.6,5194.6,1,10561,19856
2018-07-13,14:58:28,5193.8,1,5193.6,5194.4,1,10561,19856
2018-07-13,14:58:29,5193.8,1,5193.6,5194,1,10561,19856
2018-07-13,14:58:29,5193.6,1,5193.6,5193.8,1,10561,19856
2018-07-13,14:58:30,5193.6,1,5194,5193.8,1,10563,19857
2018-07-13,14:58:31,5193.4,3,5193.6,5193.8,1,10565,19859
2018-07-13,14:58:32,5193.4,2,5193.4,5193.8,1,10566,19859
2018-07-13,14:58:32,5193.4,2,5193.8,5193.8,1,10567,19859
2018-07-13,14:58:33,5193.4,2,5193.8,5194,2,10568,19859
2018-07-13,14:58:34,5193.4,1,5193.4,5194.6,1,10571,19860
2018-07-13,14:58:34,5193.2,4,5193.4,5194,1,10572,19861
2018-07-13,14:58:36,5193.4,1,5193.4,5194,1,10572,19861
2018-07-13,14:58:36,5193.2,4,5193.8,5194,1,10574,19863
2018-07-13,14:58:37,5193.4,2,5193.8,5193.8,1,10574,19863
2018-07-13,14:58:38,5193.4,2,5194,5194.4,1,10576,19862
2018-07-13,14:58:38,5193.6,1,5194,5194.4,1,10576,19862
2018-07-13,14:58:39,5193.6,1,5194,5194,1,10576,19862
2018-07-13,14:58:40,5193.4,2,5194,5194,1,10576,19862
2018-07-13,14:58:40,5193.4,2,5194,5194.4,1,10577,19862
2018-07-13,14:58:41,5193.6,1,5194,5194.4,1,10577,19862
2018-07-13,14:58:41,5193.4,2,5193.6,5193.6,1,10578,19863
2018-07-13,14:58:42,5193.4,2,5193.6,5193.6,1,10578,19863
2018-07-13,14:58:43,5193.4,8,5193.6,5193.6,1,10580,19865
2018-07-13,14:58:43,5193.6,1,5193.6,5194.2,1,10581,19866
2018-07-13,14:58:44,5193.6,2,5193.6,5194.2,1,10581,19866
2018-07-13,14:58:45,5193.8,1,5194.2,5194.4,1,10582,19867
2018-07-13,14:58:45,5193.8,1,5194.4,5194.6,1,10583,19867
2018-07-13,14:58:46,5193.8,1,5194.4,5194,2,10583,19867
2018-07-13,14:58:46,5193.6,1,5193.8,5194,2,10584,19868
2018-07-13,14:58:47,5193.6,1,5193.8,5194,2,10584,19868
2018-07-13,14:58:48,5193.4,8,5193.8,5194,2,10584,19868
2018-07-13,14:58:48,5193.4,8,5193.8,5193.8,1,10584,19868
2018-07-13,14:58:49,5193.4,8,5193.8,5193.8,2,10584,19868
2018-07-13,14:58:50,5193.4,8,5193.8,5193.8,2,10584,19868
2018-07-13,14:58:50,5193.4,8,5193.8,5193.6,1,10585,19867
2018-07-13,14:58:52,5193.4,7,5193.6,5193.8,1,10587,19868
2018-07-13,14:58:54,5193.4,6,5193.4,5193.8,1,10588,19868
2018-07-13,14:58:55,5193.4,5,5193.4,5193.8,1,10589,19868
2018-07-13,14:58:55,5193.4,6,5193.4,5193.8,1,10589,19868
2018-07-13,14:58:58,5193.4,6,5193.8,5194,2,10590,19868
2018-07-13,14:58:58,5193.6,1,5193.4,5195,1,10594,19867
2018-07-13,14:58:59,5193.6,1,5193.4,5194.6,1,10595,19867
2018-07-13,14:59:00,5193.6,1,5193.4,5194.4,1,10595,19867
2018-07-13,14:59:01,5193.6,1,5194.4,5194.6,1,10596,19867
2018-07-13,14:59:01,5193.6,1,5194.4,5194.6,1,10596,19867
2018-07-13,14:59:02,5193.6,2,5194,5194.2,1,10597,19868
2018-07-13,14:59:02,5193.6,2,5194.2,5194.6,1,10598,19868
2018-07-13,14:59:03,5193.6,2,5194.2,5194.4,1,10598,19868
2018-07-13,14:59:04,5193.6,2,5194.2,5194.4,1,10598,19868
2018-07-13,14:59:05,5193.6,2,5194.2,5194.4,1,10598,19868
2018-07-13,14:59:05,5193.6,2,5194.2,5194.4,1,10598,19868
2018-07-13,14:59:06,5193.6,2,5194.2,5194.4,1,10598,19868
2018-07-13,14:59:06,5193.6,3,5194.4,5194.6,6,10599,19867
2018-07-13,14:59:07,5193.8,1,5193.6,5194.6,6,10600,19868
2018-07-13,14:59:08,5193.8,1,5193.8,5194.4,1,10601,19868
2018-07-13,14:59:08,5193.8,1,5193.8,5194.4,1,10601,19868
2018-07-13,14:59:09,5193.8,2,5193.8,5194.4,1,10601,19868
2018-07-13,14:59:09,5193.8,1,5193.8,5194.2,1,10602,19869
2018-07-13,14:59:10,5193.4,7,5193.8,5194.2,1,10605,19870
2018-07-13,14:59:11,5194.2,1,5194.4,5194.6,5,10607,19870
2018-07-13,14:59:11,5193.6,2,5194.2,5194.2,1,10608,19870
2018-07-13,14:59:12,5193.6,3,5194.2,5194,1,10608,19870
2018-07-13,14:59:12,5193.6,3,5194.2,5194,1,10608,19870
2018-07-13,14:59:13,5193.6,2,5194,5194.2,1,10610,19872
2018-07-13,14:59:14,5193.8,2,5194.2,5194.4,1,10611,19871
2018-07-13,14:59:15,5193.6,1,5193.8,5194.4,1,10613,19872
2018-07-13,14:59:15,5193.6,1,5193.8,5194.6,5,10615,19873
2018-07-13,14:59:16,5193.4,7,5193.6,5193.8,1,10616,19873
2018-07-13,14:59:16,5193.4,6,5193.4,5193.8,1,10617,19873
2018-07-13,14:59:17,5193.2,3,5193.8,5194.4,2,10625,19873
2018-07-13,14:59:17,5193,2,5193.2,5193.6,1,10628,19874
2018-07-13,14:59:18,5194,1,5193.6,5194.4,3,10630,19872
2018-07-13,14:59:19,5193,2,5193.6,5194.2,2,10632,19871
2018-07-13,14:59:19,5193,2,5194.2,5194,1,10634,19872
2018-07-13,14:59:20,5193.2,1,5193,5194.2,1,10636,19872
2018-07-13,14:59:21,5193,1,5193,5194.2,1,10637,19872
2018-07-13,14:59:23,5193,1,5193,5194,1,10637,19872
2018-07-13,14:59:23,5193,1,5193,5194,1,10637,19872
2018-07-13,14:59:24,5192.6,5,5193,5194,1,10638,19872
2018-07-13,14:59:25,5193,1,5194,5194,2,10639,19873
2018-07-13,14:59:26,5192.8,1,5193.2,5194,4,10642,19874
2018-07-13,14:59:27,5192.8,1,5193.2,5193,3,10642,19874
2018-07-13,14:59:28,5192.6,5,5192.8,5193,3,10643,19875
2018-07-13,14:59:28,5192.6,5,5193,5193,2,10644,19875
2018-07-13,14:59:29,5192.6,5,5193,5193.2,1,10646,19877
2018-07-13,14:59:30,5192.6,4,5192.6,5193,1,10647,19878
2018-07-13,14:59:30,5193.2,1,5193.6,5193.6,2,10656,19878
2018-07-13,14:59:31,5193.2,1,5193.6,5193.6,2,10656,19878
2018-07-13,14:59:31,5193.2,2,5193.6,5193.6,2,10656,19878
2018-07-13,14:59:32,5193.2,2,5193.6,5193.6,2,10656,19878
2018-07-13,14:59:33,5193.2,1,5193.2,5193.6,2,10657,19879
2018-07-13,14:59:34,5192.6,3,5193.2,5193.2,2,10658,19880
2018-07-13,14:59:35,5192.4,1,5192.6,5193.2,2,10661,19883
2018-07-13,14:59:36,5192.4,1,5193.2,5192.6,1,10663,19883
2018-07-13,14:59:37,5192.4,1,5192.6,5193.6,2,10664,19884
2018-07-13,14:59:37,5192,1,5192.4,5193.6,2,10666,19883
2018-07-13,14:59:38,5192,1,5192.4,5193.4,1,10666,19883
2018-07-13,14:59:38,5191.8,2,5192,5192.4,4,10667,19884
2018-07-13,14:59:39,5191.8,2,5192.4,5192.4,3,10668,19884
2018-07-13,14:59:40,5191.6,1,5191.8,5191.8,1,10670,19882
2018-07-13,14:59:41,5191.6,1,5191.8,5191.8,2,10670,19882
2018-07-13,14:59:42,5191.4,2,5191.8,5191.6,1,10672,19881
2018-07-13,14:59:43,5191.4,2,5191.8,5191.6,1,10672,19881
2018-07-13,14:59:44,5191,1,5191.2,5191.2,1,10675,19880
2018-07-13,14:59:45,5191.4,1,5191.2,5191.6,1,10677,19879
2018-07-13,14:59:46,5191,1,5191.6,5191.8,1,10678,19880
2018-07-13,14:59:46,5190.8,1,5191.6,5191.8,1,10680,19881
2018-07-13,14:59:48,5191.2,1,5191.8,5192.4,3,10681,19882
2018-07-13,14:59:48,5191,1,5192.4,5192.4,2,10683,19882
2018-07-13,14:59:49,5191,1,5193.6,5193.8,1,10685,19884
2018-07-13,14:59:49,5191.2,2,5193.6,5193.8,1,10685,19884
2018-07-13,14:59:50,5191.2,1,5191.2,5192,1,10686,19885
2018-07-13,14:59:51,5191.6,1,5191.2,5192,1,10686,19885
2018-07-13,14:59:53,5191.2,2,5191.6,5191.6,1,10689,19885
2018-07-13,14:59:53,5191.2,1,5191.6,5191.6,1,10689,19885
2018-07-13,14:59:54,5191,1,5191.6,5191.6,3,10691,19886
2018-07-13,14:59:54,5191,1,5191.6,5191.6,2,10692,19887
2018-07-13,14:59:55,5191,1,5191.6,5194.4,2,10694,19887
2018-07-13,14:59:56,5191.2,1,5194.2,5194.4,2,10696,19888
2018-07-13,14:59:56,5191.2,1,5194.2,5194.2,1,10696,19888
2018-07-13,14:59:57,5191.2,1,5194.2,5194.2,1,10696,19888
2018-07-13,14:59:57,5191,2,5194.2,5194.2,1,10696,19888
2018-07-13,14:59:58,5191,2,5194.2,5194.2,1,10696,19888
2018-07-13,14:59:59,5191,2,5191.6,5194.2,1,10697,19889
2018-07-13,15:00:00,5191,1,5191,5194.2,1,10698,19889
2018-07-13,15:00:02,5191,1,5191,5194.2,1,10698,19889
2018-07-13,15:25:07,5191,1,5191,5194.2,1,10698,19889
2018-07-13,15:29:24,5191,1,5191,5194.2,1,10698,19889
2018-07-13,15:33:55,5191,1,5191,5194.2,1,10698,19889
